100
6 1 1000000000000000
1 1 1 1 0 100 0
6 1 -100
1 1 1 1 0 100 0
145850 17886 -60861259032456
80016599 762848115 605974921 636524784 525409170 985734625 0
401900 0 -681802240380422
616275385 616275385 0 0 616275385 1000000000 0
306742 300232 890516770057606
69768042 743695716 137233608 134452700 907846970 103922471 0
286667 113603 -868098812594724
741754380 808473735 398236035 269987953 767152721 847840245 0
500000 15820 1000000000000000
568787239 169756832 507148261 943288703 811205191 375495191 0
2 2 1000000000000000
1 1 0 0 0 1000000000 0
500000 500000 -590231617963815
707739620 442309942 479393884 833956606 126782642 167968607 0
500000 500000 1000000000000000
687568239 479510089 675054594 803321240 418015272 975565379 0
162392 162392 1000000000000000
694235701 701894644 282930942 112459286 676961549 946145981 0
500000 500000 1000000000000000
820616488 412152460 223610748 13415713 583954969 842445043 0
175473 175473 1000000000000000
139418883 377043396 843647362 529455672 283888754 265145101 0
500000 438121 2977667
6 7 556296487 747038087 637374810 11 0
500000 362041 3361450
1 8 803613071 722026436 255822355 11 0
500000 125000 125000
1 0 0 1 0 2 0
360111 64400 5380843288944
176431386 599998875 133717570 132264761 141312520 440507559 0
500000 68829 703024959757868
871306988 25244384 308537903 814785491 963685646 318533641 0
15820 8870 -587948303947536
992030903 613285248 849357240 953588414 233758727 458293363 0
64210 54166 1000000000000000
37611189 537967661 775059904 799417805 414024895 282973451 0
500000 457164 531532187690457
180645208 936401852 549744713 682169480 731914589 636077249 0
500000 359217 177293618919186
407366116 723937485 819050244 979382964 199366007 519792661 0
53471 53471 1000000000000000
53265497 520919096 468543612 226930307 405063695 258985811 0
199992 173411 936993974166711
687921138 954136181 826014228 544157682 546584278 200465121 0
397658 363975 1000000000000000
7267050 697786646 892350387 856523385 433411673 21633773 0
6769 6019 -231473745816438
726509982 603788074 534258559 513295790 330808754 667217331 0
289574 124282 -555953140040702
176075391 1021167 948469589 864580203 299732750 968662653 0
391774 83244 460477936238839
86618267 853132551 57367478 246802373 56010368 695951979 0
500000 229864 2235700
7 5 78469816 541435769 81308901 11 0
500000 500000 1000000000000000
0 0 0 0 0 1000000000 0
2 1 1000000000000000
1 1 0 0 0 1000000000 0
43192 43192 1000000000000000
118342949 747756127 691133494 476425953 376851937 594750773 0
500000 500000 76163784495617
395922479 619662027 357505245 745558723 711793398 12623431 0
42096 0 579997924269959
602995207 602995207 0 0 602995207 1000000000 0
500000 469482 1000000000000000
932443335 302277680 128721539 260369365 199296442 376354635 0
227891 84141 405146575757380
20319075 218285577 634545848 146274071 116782425 698740177 0
16940 14301 -303829926672773
637097195 272161992 626741926 252357187 303523995 855566765 0
226619 18871 735645040479310
585056302 926759758 76024979 317845352 984402706 329334373 0
249986 74169 951394911609927
670721881 895434232 265246912 430389950 148769414 429605744 0
500000 500000 -967435801633036
19801318 946108741 652176530 358318139 580554825 647063257 0
145850 49600 1000000000000000
144454681 396547425 942792728 210898085 389132613 780823215 0
459322 134844 -723117342909822
345942078 548741312 332051704 18634688 716026280 128056617 0
376448 106764 704306570414152
592106952 849348040 913048421 778445806 738039210 745862683 0
163591 70766 288045772581299
641120600 957444201 724975306 199461564 546058829 612154087 0
397658 253652 489906125437177
605915974 484979014 21494838 342787361 226661173 679136083 0
3463 1954 703922701647231
408845849 480225193 108093928 124303020 212912125 840791267 0
250852 148335 -753442916521197
400061155 702510475 714865759 542591704 928947347 817184805 0
439212 378700 651717996140549
313246257 222599546 859259878 622120366 739973292 164719661 0
158067 57100 484852912041277
542843093 752377613 180490509 244498815 457617742 357716517 0
500000 0 1000000000000000
1 1 0 1 0 1000000000 0
8267 0 322865693532805
758602063 758602063 0 0 758602063 1000000000 0
500000 500000 -584307284939836
831924843 870165161 455317706 981832880 492913954 995535747 0
397658 397658 -718297770790161
285632633 218429440 59599830 870052026 544654992 568652865 0
500000 0 632295913150076
433783493 433783493 0 0 433783493 1000000000 0
130800 52561 570044245866236
355791880 921678418 650222198 735474297 569130502 135080609 0
90431 2892 -487246815139411
616932716 111437228 719587697 187691222 154348220 191231680 0
158067 126315 1000000000000000
294844138 355439634 106777923 309170528 678348500 219366471 0
500000 500000 1000000000000000
780537306 515634983 863888485 680711265 798476251 659922969 0
254224 37492 -466079752091891
21682528 283231252 72443489 232667150 234208208 268241165 0
187509 146936 -484367459527447
909281253 637319369 200004983 770095964 541166895 831978587 0
153155 28581 -909246079830944
778636781 297326647 350261591 189641385 292775574 425433932 0
134271 16985 594561333627247
353764380 885753924 539427934 623545829 266868256 650218572 0
115397 77864 -588700210917563
353558528 431149558 16918340 995859398 903703694 61775155 0
103561 5066 778289493021194
694417350 274948977 145710467 237897384 467492780 498314985 0
64210 64210 947236178080240
952915423 789244999 189481345 395080848 215620149 909893313 0
500000 500000 1000000000000000
777943396 893963682 282390511 460578725 5857523 557801989 0
297690 92035 810007570998086
258611803 179788557 237985077 776871370 574430091 850089231 0
32067 20410 -555250211132491
747089543 515084245 595658635 819028972 642612445 247838529 0
500000 437056 -128466258737740
22344570 899294191 851100044 987432343 35091927 934070057 0
64210 28064 -396846077716905
391647385 523026671 159955428 526068086 84209727 424140843 0
71747 34364 -529362329037155
943618008 119494767 260418649 208751010 351748231 443651733 0
500000 34925 1000000000000000
971744314 279280678 379995565 890414745 987337585 403396957 0
2 0 1000000000000000
1 1 0 0 0 1000000000 0
36674 8395 707411078892935
230562412 872783279 558241578 272648973 546075312 994759800 0
451973 308538 261626871264781
277452348 651365850 847155856 252640844 308251379 702031319 0
280959 117781 873306964372539
859141392 727160358 30253533 871297852 312815149 258589209 0
500000 114983 927392
8 2 73404560 480834173 627285103 11 0
52330 11623 -760263658399981
170583302 752696960 34519614 577864887 353521814 785925463 0
145850 145850 -539891717588803
894582921 373832843 849637937 289903538 276263163 355081827 0
59245 23223 522219607088459
398055831 450313755 201698058 756357338 857816102 6915261 0
830 353 841710744014142
405731031 34946453 286253756 764420235 706971222 783357197 0
500000 14371 328667
4 4 574205210 561602019 890008340 11 0
500000 0 -446516252652529
388202193 388202193 0 0 388202193 1000000000 0
500000 500000 1000000000000000
999999999 999999999 0 0 999999999 1000000000 0
36635 0 974272366447127
896593897 896593897 0 0 896593897 1000000000 0
500000 0 -617989679941073
908001391 908001391 0 0 908001391 1000000000 0
53927 1252 -764404214644567
207808370 332354169 374829416 173950033 225465818 564407099 0
78152 23521 -357544884544368
944577420 344582213 929988423 574492089 768096284 772401501 0
453270 444554 -627377937476496
542765305 448931327 685540525 993961328 4016521 893690231 0
219996 67453 -869127630210446
851995949 802226785 975986111 184369691 136677487 938129985 0
500000 338633 1000000000000000
746674603 344526417 959246561 175204887 751913345 715762845 0
214225 8487 -780188851814647
123644011 822482902 322376545 682409037 808273809 470427275 0
187297 100728 -180487074865856
891782302 143480171 162676808 158135658 294420926 956653346 0
500000 486921 2203612
0 5 633480578 876434516 818068383 11 0
297242 174347 -649398742401333
796928048 907914047 183637104 799741986 760962043 7953361 0
462388 6302 -399115526637867
339656864 584739339 186082999 832896872 515891681 222131249 0
500000 0 -841983743011851
7403839 7403839 0 0 7403839 1000000000 0
500000 25606 905698
6 7 160422790 182124140 675198939 11 0
158067 158067 -599939299468708
136500837 104356755 286552190 435780243 463939109 116623323 0
500000 50339 986348
8 10 463507630 286555996 68452637 11 0
