100
35 4 11 60
34 4 11 60
39 34 50 33
38 34 50 33
65 56 35 87
64 56 35 87
60 35 31 87
59 35 31 87
77 23 93 83
76 23 93 83
69 98 71 56
68 98 71 56
65 21 41 94
64 21 41 94
49 33 77 35
48 33 77 35
33 35 44 24
32 35 44 24
59 76 85 35
58 76 85 35
55 21 8 96
54 21 8 96
21 48 35 1
20 48 35 1
50 46 64 41
49 46 64 41
38 43 52 25
37 43 52 25
48 31 94 21
47 31 94 21
66 20 88 65
65 20 88 65
59 95 95 21
58 95 95 21
42 62 65 19
41 62 65 19
15 5 34 5
14 5 34 5
63 29 73 66
62 29 73 66
54 99 54 38
53 99 54 38
38 10 26 55
37 10 26 55
65 61 41 82
64 61 41 82
56 18 30 85
55 18 30 85
75 45 75 84
74 45 75 84
43 81 61 18
42 81 61 18
96 88 96 98
95 88 96 98
52 61 4 80
51 61 4 80
18 4 48 2
17 4 48 2
41 50 44 35
40 50 44 35
41 20 52 40
40 20 52 40
20 36 34 4
19 36 34 4
59 19 54 74
58 19 54 74
54 15 38 77
53 15 38 77
45 4 10 80
44 4 10 80
35 74 43 15
34 74 43 15
42 60 1 62
41 60 1 62
53 15 40 74
52 15 40 74
61 30 35 87
60 30 35 87
38 29 35 41
37 29 35 41
35 44 38 29
34 44 38 29
57 96 62 39
56 96 62 39
33 93 3 32
32 93 3 32
55 31 32 77
54 31 32 77
59 46 75 51
58 46 75 51
38 45 63 18
37 45 63 18
58 83 64 44
57 83 64 44
73 38 63 91
72 38 63 91
44 41 25 56
43 41 25 56
62 59 67 58
61 59 67 58